4 5
0.045714 1.932152
0.331518 1.958987
0.080000 2.236152
0.331518 1.841438
0.331518 0.843394
0.708661 0.209667
2.120089 -0.474637
2.120089 0.266721
3.398948 0.336549
5.102856 0.456203
6.161114 0.527959
11.407154 0.711489
11.407154 0.013768
11.407154 -2.013418
13.978883 -0.486305
19.389975 -0.134177
0.000000 0.992911
0.668572 0.630633
0.000000 0.053671
1.117087 0.000000
1.939944 0.000000
1.128515 -0.036870
5.151172 -0.036870
6.710157 -0.405566
8.691407 0.635826
9.434766 -0.055304
10.746627 -0.294955
10.814098 0.112359
12.049609 -0.018435
14.347656 -0.009391
16.677578 0.011668
20.000000 -0.053671
0.000000 2.000000
0.000000 2.055305
0.491429 -0.136801
1.589141 -0.365662
1.912221 -0.093280
2.685212 -0.625616
3.865435 -0.018435
4.659764 -0.072106
5.622857 -0.603797
6.691429 -0.415949
7.165705 -0.388354
6.815647 -0.231601
7.952788 0.157513
8.169931 -1.358691
18.275066 2.250210
19.850590 1.443864
0.000000 0.000000
1.000000 0.000000
0.000000 1.101013
1.320000 0.912405
1.660612 0.805823
1.788572 -0.550126
2.640000 -1.033165
2.640000 -0.161013
8.000000 0.000000
9.000000 0.000000
10.000000 0.000000
9.704979 -0.059678
11.388182 0.005017
11.422467 2.000000
17.725716 1.784557
20.000000 0.000000
